1 0.3721590909090909 0.012455516014234875 0.11931818181818182 0.021352313167259787
1 0.39488636363636365 0.04092526690391459 0.14204545454545456 0.03558718861209965
1 0.4318181818181818 0.07473309608540925 0.14772727272727273 0.03914590747330961
1 0.46875 0.11120996441281139 0.1534090909090909 0.04092526690391459
1 0.4943181818181818 0.15035587188612098 0.1590909090909091 0.04092526690391459
1 0.5085227272727273 0.18594306049822065 0.17613636363636365 0.04092526690391459
1 0.5170454545454546 0.22864768683274023 0.18181818181818182 0.04448398576512456
1 0.5113636363636364 0.2704626334519573 0.18181818181818182 0.0498220640569395
1 0.5 0.3140569395017794 0.19318181818181818 0.04448398576512456
1 0.4772727272727273 0.35587188612099646 0.2159090909090909 0.05338078291814947
1 0.4460227272727273 0.40480427046263345 0.2215909090909091 0.05871886120996441
1 0.4090909090909091 0.45462633451957296 0.22727272727272727 0.06227758007117438
1 0.3664772727272727 0.5106761565836299 0.2215909090909091 0.06405693950177936
1 0.33238636363636365 0.5685053380782918 0.24431818181818182 0.06583629893238434
1 0.29261363636363635 0.6352313167259787 0.24431818181818182 0.06405693950177936
1 0.2585227272727273 0.7019572953736655 0.24431818181818182 0.0693950177935943
1 0.2471590909090909 0.7731316725978647 0.24431818181818182 0.06583629893238434
1 0.26988636363636365 0.8434163701067615 0.2556818181818182 0.06761565836298933