1 0.38125 0.03057199211045365 0.125 0.03353057199211045
1 0.4 0.0670611439842209 0.125 0.03550295857988166
1 0.43125 0.10453648915187377 0.1375 0.03550295857988166
1 0.45 0.14299802761341224 0.15 0.04142011834319527
1 0.46875 0.1814595660749507 0.1625 0.04339250493096647
1 0.478125 0.22189349112426035 0.16875 0.04142011834319527
1 0.4875 0.26331360946745563 0.1625 0.04142011834319527
1 0.4875 0.3076923076923077 0.175 0.047337278106508875
1 0.478125 0.35009861932938857 0.18125 0.045364891518737675
1 0.484375 0.3974358974358974 0.18125 0.05325443786982249
1 0.46875 0.44970414201183434 0.1875 0.05128205128205128
1 0.453125 0.504930966469428 0.20625 0.055226824457593686
1 0.415625 0.5660749506903353 0.21875 0.0670611439842209
1 0.38125 0.6282051282051282 0.2375 0.0650887573964497
1 0.33125 0.6913214990138067 0.2125 0.0650887573964497
1 0.296875 0.7514792899408284 0.20625 0.0631163708086785
1 0.2875 0.8175542406311637 0.2125 0.0650887573964497