1 0.25625 0.019642857142857142 0.15 0.03571428571428571
1 0.2875 0.05714285714285714 0.175 0.04285714285714286
1 0.33125 0.09285714285714286 0.175 0.04285714285714286
1 0.378125 0.13035714285714287 0.18125 0.04285714285714286
1 0.4125 0.16785714285714284 0.1875 0.04285714285714286
1 0.446875 0.21160714285714285 0.21875 0.048214285714285716
1 0.471875 0.2544642857142857 0.20625 0.048214285714285716
1 0.484375 0.2982142857142857 0.20625 0.04642857142857143
1 0.49375 0.34464285714285714 0.2125 0.05
1 0.4875 0.39285714285714285 0.2 0.05
1 0.484375 0.44285714285714284 0.21875 0.05714285714285714
1 0.446875 0.49642857142857144 0.24375 0.06428571428571428
1 0.4 0.5571428571428572 0.2375 0.06428571428571428
1 0.3625 0.6205357142857143 0.25 0.06964285714285715
1 0.346875 0.6857142857142857 0.24375 0.06428571428571428
1 0.3375 0.75625 0.2375 0.0625
1 0.365625 0.8223214285714285 0.25625 0.06964285714285715