1 0.2756756756756757 0.011363636363636364 0.0972972972972973 0.019230769230769232
1 0.2891891891891892 0.03583916083916084 0.11351351351351352 0.033216783216783216
1 0.31351351351351353 0.06993006993006994 0.11891891891891893 0.03496503496503497
1 0.35135135135135137 0.09965034965034965 0.10810810810810811 0.03496503496503497
1 0.3918918918918919 0.13374125874125875 0.13513513513513514 0.04020979020979021
1 0.44324324324324327 0.16958041958041958 0.14054054054054055 0.038461538461538464
1 0.47297297297297297 0.20104895104895104 0.14594594594594595 0.04195804195804196
1 0.4972972972972973 0.2395104895104895 0.16216216216216217 0.04195804195804196
1 0.5297297297297298 0.28234265734265734 0.17297297297297298 0.04020979020979021
1 0.5297297297297298 0.32255244755244755 0.17297297297297298 0.0472027972027972
1 0.5324324324324324 0.36625874125874125 0.2 0.0472027972027972
1 0.5135135135135135 0.40996503496503495 0.20540540540540542 0.050699300699300696
1 0.4837837837837838 0.4562937062937063 0.21081081081081082 0.05944055944055944
1 0.44594594594594594 0.5061188811188811 0.22162162162162163 0.057692307692307696
1 0.4027027027027027 0.5603146853146853 0.22162162162162163 0.06118881118881119
1 0.33783783783783783 0.6171328671328671 0.24324324324324326 0.06643356643356643
1 0.26756756756756755 0.673951048951049 0.22162162162162163 0.06818181818181818
1 0.21081081081081082 0.7316433566433567 0.20540540540540542 0.06118881118881119
1 0.1783783783783784 0.7963286713286714 0.20540540540540542 0.06118881118881119