1 0.271875 0.009983361064891847 0.10625 0.019966722129783693
2 0.3 0.039101497504159734 0.125 0.03161397670549085
3 0.35625 0.06572379367720466 0.1375 0.03161397670549085
4 0.40625 0.0973377703826955 0.1375 0.03161397670549085
5 0.45625 0.12728785357737105 0.15 0.03494176372712146
6 0.490625 0.15973377703826955 0.15625 0.036605657237936774
7 0.51875 0.1913477537437604 0.1875 0.03993344425956739
8 0.540625 0.2237936772046589 0.18125 0.03826955074875208
9 0.553125 0.26039933444259566 0.19375 0.03826955074875208
10 0.55 0.3003327787021631 0.175 0.04492512479201331
11 0.540625 0.3402662229617304 0.18125 0.04492512479201331
12 0.521875 0.38186356073211314 0.20625 0.051580698835274545
13 0.490625 0.4226289517470882 0.19375 0.05324459234608985
14 0.434375 0.4667221297836938 0.20625 0.05823627287853577
15 0.378125 0.5141430948419301 0.21875 0.056572379367720464
16 0.31875 0.5690515806988353 0.2125 0.059900166389351084
17 0.246875 0.6256239600665557 0.23125 0.059900166389351084
18 0.225 0.6855241264559068 0.225 0.059900166389351084
19 0.25625 0.7462562396006656 0.25 0.06156405990016639