1 0.24861878453038674 0.0096 0.12154696132596685 0.0192
2 0.26243093922651933 0.036 0.14917127071823205 0.0368
3 0.287292817679558 0.0688 0.143646408839779 0.0352
4 0.3314917127071823 0.1008 0.16574585635359115 0.0416
5 0.36464088397790057 0.1328 0.17679558011049723 0.0384
6 0.39779005524861877 0.1688 0.16574585635359115 0.04
7 0.4171270718232044 0.2056 0.1712707182320442 0.04
8 0.4419889502762431 0.2416 0.1878453038674033 0.0448
9 0.47513812154696133 0.2816 0.1878453038674033 0.0416
10 0.4972375690607735 0.324 0.20994475138121546 0.0432
11 0.4861878453038674 0.3656 0.20994475138121546 0.0496
12 0.46685082872928174 0.404 0.20441988950276244 0.0496
13 0.43646408839779005 0.4504 0.22099447513812154 0.056
14 0.39779005524861877 0.5024 0.23204419889502761 0.0608
15 0.35082872928176795 0.5528 0.23756906077348067 0.0592
16 0.31215469613259667 0.6136 0.24861878453038674 0.0624
17 0.2845303867403315 0.6768 0.23756906077348067 0.0608
18 0.27624309392265195 0.7384 0.23204419889502761 0.0624
19 0.292817679558011 0.8 0.23204419889502761 0.0608