2 0.33125 0.029197080291970802 0.0875 0.029197080291970802
3 0.353125 0.060218978102189784 0.10625 0.032846715328467155
4 0.378125 0.09124087591240876 0.13125 0.032846715328467155
5 0.409375 0.12317518248175183 0.13125 0.03467153284671533
6 0.440625 0.1551094890510949 0.14375 0.0364963503649635
7 0.4625 0.18704379562043796 0.1625 0.03467153284671533
8 0.496875 0.22171532846715328 0.15625 0.03832116788321168
9 0.5125 0.25821167883211676 0.1625 0.03832116788321168
10 0.525 0.2983576642335766 0.1625 0.041970802919708027
11 0.525 0.33394160583941607 0.1875 0.040145985401459854
12 0.51875 0.3740875912408759 0.175 0.04744525547445255
13 0.51875 0.4187956204379562 0.1875 0.04562043795620438
14 0.496875 0.4653284671532847 0.18125 0.04744525547445255
15 0.465625 0.5145985401459854 0.19375 0.051094890510948905
16 0.434375 0.5666058394160584 0.19375 0.05656934306569343
17 0.396875 0.6222627737226277 0.20625 0.05474452554744526
18 0.365625 0.6806569343065694 0.19375 0.05474452554744526
19 0.365625 0.739963503649635 0.20625 0.05291970802919708