1 0.26875 0.011627906976744186 0.1125 0.023255813953488372
2 0.303125 0.03398926654740608 0.13125 0.03220035778175313
3 0.328125 0.06082289803220036 0.14375 0.03577817531305903
4 0.36875 0.09123434704830054 0.15 0.03577817531305903
5 0.396875 0.12343470483005367 0.16875 0.03935599284436494
6 0.44375 0.15742397137745975 0.1875 0.03935599284436494
7 0.475 0.18962432915921287 0.1875 0.03577817531305903
8 0.5 0.22361359570661896 0.2 0.04293381037567084
9 0.509375 0.2620751341681574 0.19375 0.04114490161001789
10 0.50625 0.29874776386404295 0.2 0.04293381037567084
11 0.503125 0.33810375670840787 0.20625 0.046511627906976744
12 0.4875 0.38014311270125223 0.2125 0.04830053667262969
13 0.475 0.4257602862254025 0.2125 0.05008944543828265
14 0.45625 0.4749552772808587 0.2125 0.055456171735241505
15 0.434375 0.5259391771019678 0.21875 0.06082289803220036
16 0.384375 0.5787119856887298 0.23125 0.055456171735241505
17 0.353125 0.6332737030411449 0.24375 0.06082289803220036
18 0.321875 0.6923076923076923 0.24375 0.057245080500894455
19 0.34375 0.7567084078711985 0.25 0.06797853309481217