3 0.4625 0.03260869565217391 0.1375 0.036231884057971016
4 0.49375 0.06702898550724638 0.15 0.03260869565217391
5 0.525 0.09963768115942029 0.1625 0.03985507246376811
6 0.5625 0.13405797101449277 0.1625 0.03985507246376811
7 0.575 0.1693840579710145 0.175 0.041666666666666664
8 0.58125 0.20833333333333334 0.175 0.03985507246376811
9 0.575 0.24547101449275363 0.1875 0.041666666666666664
10 0.56875 0.28532608695652173 0.1875 0.041666666666666664
11 0.55625 0.3269927536231884 0.2 0.04528985507246377
12 0.55 0.3704710144927536 0.2 0.04528985507246377
13 0.53125 0.42028985507246375 0.2 0.04710144927536232
14 0.509375 0.47101449275362317 0.19375 0.05434782608695652
15 0.48125 0.5262681159420289 0.225 0.059782608695652176
16 0.415625 0.5806159420289855 0.23125 0.06702898550724638
17 0.353125 0.6422101449275363 0.23125 0.06340579710144928
18 0.328125 0.7065217391304348 0.21875 0.057971014492753624
19 0.353125 0.7744565217391305 0.24375 0.06340579710144928